,%JointID[1]	JointDOF[2]	DOFID[3]	ParentID[4]	ChildID[5]	BrotherID[6]	Axis[7-9]	InitPos[10-12]	InitAtt[13-21]	Mass[22]	Com[23-25]	Inertia[26-34]	JointType
0,16
1,40
2,51
3,0	0	9.8
4,space
5,1	0	1	-1	2	-1	0	0	0	0	0	0	1	0	0	0	1	0	0	0	1	0	0	0	0	0	0	0	0	0	0	0	0	0	1	1
6,Body
7,2	6	1	1	3	-1	0	0	0	-1.11242e-17	-1.38778e-17	-2.60209e-18	1	0	0	0	1	0	0	0	1	15	0	0.04	0	0.4	0	0	0	0.2	0	0	0	0.4	5	1
8,RightLeg1
9,3	3	7	2	4	6	0	0	0	-1.10995e-17	-0.12924	-0.0107487	1	0	0	0	1	0	0	0	1	5	0.18	0	0	0.1	0	0	0	0.2	0	0	0	0.2	4	8
10,RightLeg2
11,4	1	10	3	5	-1	0	1	0	-0.0124302	0.0386866	-0.387734	0.858676	0.51252	0	-0.51252	0.858676	0	0	0	1	4	0.177	0	0	0.1	0	0	0	0.2	0	0	0	0.2	2	12
12,RightFoot
13,5	3	11	4	-1	-1	0	0	0	-0.0980981	-0.023864	-0.393585	1	0	0	0	1	0	0	0	1	2	0.02	0.1	0	0.02	0	0	0	0.02	0	0	0	0.02	4	13
14,LeftLeg1
15,6	3	14	2	7	9	0	0	0	-1.11489e-17	0.12924	0.0107487	1	0	0	0	1	0	0	0	1	5	0.18	0	0	0.1	0	0	0	0.2	0	0	0	0.2	4	17
16,LeftLeg2
17,7	1	17	6	8	-1	0	1	0	-0.0230634	-0.0343079	-0.434094	0.883301	-0.468806	0	0.468806	0.883301	0	0	0	1	4	0.177	0	0	0.1	0	0	0	0.2	0	0	0	0.2	2	21
18,LeftFoot
19,8	3	18	7	-1	-1	0	0	0	-0.0943576	-0.00741464	-0.391311	1	0	0	0	1	0	0	0	1	2	0.02	0.1	0	0.02	0	0	0	0.02	0	0	0	0.02	4	22
20,UpperBody
21,9	3	21	2	10	-1	0	0	0	0	0	0.0641905	0.999968	-0.00804969	0	0.00804969	0.999968	0	0	0	1	16	0	0.2	0	0.8	0	0	0	0.4	0	0	0	0.8	4	26
22,RightArm1
23,10	3	24	9	11	13	0	0	0	-0.0579645	-0.129265	0.47367	1	0	0	0	1	0	0	0	1	4	0.14	0	0	0.1	0	0	0	0.2	0	0	0	0.2	4	30
24,RightArm2
25,11	1	27	10	12	-1	0	0	1	0.0144075	-0.303104	-0.0221462	0.0473537	0.802627	-0.594598	-0.996223	-0.00542836	-0.0866666	-0.0727886	0.596456	0.799338	2	0.115	0	0	0.1	0	0	0	0.2	0	0	0	0.2	2	34
26,RightHand
27,12	3	28	11	-1	-1	0	0	0	0.248977	0.0701594	0.0562378	0.940544	0.309308	-0.140378	0.265036	-0.409796	0.872825	0.212446	-0.858135	-0.467409	1	0.05	0	0	0.01	0	0	0	0.01	0	0	0	0.01	4	35
28,LeftArm1
29,13	3	31	9	14	16	0	0	0	-0.0589671	0.124308	0.467889	1	0	0	0	1	0	0	0	1	4	0.14	0	0	0.1	0	0	0	0.2	0	0	0	0.2	4	39
30,LeftArm2
31,14	1	34	13	15	-1	0	0	1	0.00831267	0.31939	-0.0275021	0.025922	-0.631771	-0.774721	0.995978	-0.0501644	0.0742334	-0.0857619	-0.77353	0.62793	2	0.115	0	0	0.1	0	0	0	0.2	0	0	0	0.2	2	43
32,LeftHand
33,15	3	35	14	-1	-1	0	0	0	0.256692	-0.0648325	0.0384571	0.959484	0.281067	0.0197806	-0.242336	0.787373	0.566848	0.143748	-0.548675	0.823585	1	0.05	0	0	0.01	0	0	0	0.01	0	0	0	0.01	4	44
34,Head
35,16	3	38	9	-1	-1	0	0	0	0	0	0.470779	1	0	0	0	1	0	0	0	1	4	0	0.1	0	0.1	0	0	0	0.1	0	0	0	0.1	4	48
